{
 "cells": [
  {
   "cell_type": "markdown",
   "metadata": {
    "collapsed": true
   },
   "source": [
    "# TDA  with Python using the Gudhi Library \n",
    "\n",
    "# Building simplicial complexes from distance matrices"
   ]
  },
  {
   "cell_type": "markdown",
   "metadata": {},
   "source": [
    "**Authors :** F. Chazal and B. Michel\n",
    "\n",
    "**Revision :** Yunan Dong"
   ]
  },
  {
   "cell_type": "code",
   "execution_count": 2,
   "metadata": {},
   "outputs": [],
   "source": [
    "import numpy as np\n",
    "import pandas as pd\n",
    "import pickle as pickle\n",
    "import gudhi as gd  \n",
    "from pylab import *\n",
    "#%matplotlib inline"
   ]
  },
  {
   "cell_type": "markdown",
   "metadata": {},
   "source": [
    "TDA typically aims at extracting topological signatures from a point cloud in $\\mathbb R^d$ or in a general metric space. [Simplicial complexes](https://en.wikipedia.org/wiki/Simplicial_complex) are used in computational geometry to infer topological signatures from data.\n",
    "\n",
    "This tutorial explains how to build [Vietoris-Rips complexes](https://en.wikipedia.org/wiki/Vietoris%E2%80%93Rips_complex)  and [alpha complexes](https://en.wikipedia.org/wiki/Alpha_shape#Alpha_complex) from a matrix of pairwise distances.\n",
    "\n",
    "## Vietoris-Rips filtration defined from a matrix of distances \n",
    "\n",
    "The [$\\alpha$-Rips complex](https://en.wikipedia.org/wiki/Vietoris%E2%80%93Rips_complex) of a metric space $\\mathbb X$ is an [abstract simplicial complex](https://en.wikipedia.org/wiki/Abstract_simplicial_complex) that can be defined by forming a simplex for every finite subset of $\\mathbb X$ that has diameter at most $\\alpha$.  \n",
    "\n",
    "![title](https://upload.wikimedia.org/wikipedia/commons/thumb/d/d0/VR_complex.svg/600px-VR_complex.svg.png)\n",
    "\n",
    " \n",
    "## Protein binding dataset\n",
    "\n",
    "The data we will be studying in this notebook represents configurations of protein binding. This example is borrowed from Kovacev-Nikolic et al. [[1]](https://arxiv.org/pdf/1412.1394.pdf).\n",
    "\n",
    "The paper compares closed and open forms of the maltose-binding protein (MBP), a large biomolecule containing $370$ amino-acid residues. The analysis is not based on geometric distances in $\\mathbb R^3$ but on a metric of *dynamical distances* defined by\n",
    "\n",
    "$$ D_{ij} = 1 - |C_{ij}|, $$\n",
    "\n",
    "where $C$ is the correlation matrix between residues. Correlation matrices between residues can be found at this [link](https://www.researchgate.net/publication/301543862_corr). We are greatful to the authors for sharing data !"
   ]
  },
  {
   "cell_type": "markdown",
   "metadata": {},
   "source": [
    "The next statments load the $14$ correlation matrices with pandas:"
   ]
  },
  {
   "cell_type": "code",
   "execution_count": 3,
   "metadata": {},
   "outputs": [],
   "source": [
    "path_file = \"./datasets/Corr_ProteinBinding/\"\n",
    "files_list = [\n",
    "    '1anf.corr_1.txt', \n",
    "    '1ez9.corr_1.txt', \n",
    "    '1fqa.corr_2.txt', \n",
    "    '1fqb.corr_3.txt', \n",
    "    '1fqc.corr_2.txt', \n",
    "    '1fqd.corr_3.txt', \n",
    "    '1jw4.corr_4.txt', \n",
    "    '1jw5.corr_5.txt', \n",
    "    '1lls.corr_6.txt', \n",
    "    '1mpd.corr_4.txt', \n",
    "    '1omp.corr_7.txt', \n",
    "    '3hpi.corr_5.txt', \n",
    "    '3mbp.corr_6.txt', \n",
    "    '4mbp.corr_7.txt'\n",
    "]\n",
    "\n",
    "# learn how to read a bounch of text-files\n",
    "corr_list = [\n",
    "    pd.read_csv(\n",
    "        path_file + u, \n",
    "        header = None, \n",
    "        delim_whitespace = True\n",
    "    ) for u in files_list\n",
    "]"
   ]
  },
  {
   "cell_type": "code",
   "execution_count": 4,
   "metadata": {},
   "outputs": [
    {
     "data": {
      "text/plain": [
       "[          0         1         2         3         4         5         6    \\\n",
       " 0    1.000000  0.923800  0.828636  0.621793  0.538253  0.506501  0.521335   \n",
       " 1    0.923800  1.000000  0.877237  0.766163  0.649256  0.593787  0.574798   \n",
       " 2    0.828636  0.877237  1.000000  0.915358  0.868472  0.851020  0.837741   \n",
       " 3    0.621793  0.766163  0.915358  1.000000  0.954522  0.867893  0.782701   \n",
       " 4    0.538253  0.649256  0.868472  0.954522  1.000000  0.940720  0.853150   \n",
       " ..        ...       ...       ...       ...       ...       ...       ...   \n",
       " 365 -0.313666 -0.191230 -0.259678 -0.143509 -0.125478 -0.123363 -0.171605   \n",
       " 366 -0.359150 -0.245252 -0.332475 -0.202563 -0.195462 -0.215493 -0.274916   \n",
       " 367 -0.382056 -0.269354 -0.346454 -0.218956 -0.220135 -0.235190 -0.291768   \n",
       " 368 -0.304892 -0.195039 -0.257570 -0.157409 -0.158305 -0.152017 -0.189661   \n",
       " 369 -0.251549 -0.151047 -0.233970 -0.141565 -0.150164 -0.154348 -0.189793   \n",
       " \n",
       "           7         8         9    ...       360       361       362  \\\n",
       " 0    0.567662  0.431545  0.360496  ... -0.305841 -0.276941 -0.339198   \n",
       " 1    0.618201  0.458364  0.353420  ... -0.182539 -0.155390 -0.218734   \n",
       " 2    0.835895  0.666825  0.519395  ... -0.217766 -0.186519 -0.281390   \n",
       " 3    0.706098  0.505693  0.324365  ... -0.086070 -0.070323 -0.146525   \n",
       " 4    0.702743  0.488249  0.265588  ... -0.032805 -0.020422 -0.110625   \n",
       " ..        ...       ...       ...  ...       ...       ...       ...   \n",
       " 365 -0.214734 -0.239316 -0.262005  ...  0.773953  0.847344  0.898793   \n",
       " 366 -0.315194 -0.331276 -0.326918  ...  0.699782  0.751225  0.868398   \n",
       " 367 -0.305333 -0.304827 -0.273398  ...  0.601665  0.656622  0.767714   \n",
       " 368 -0.189615 -0.188986 -0.168555  ...  0.499564  0.593016  0.664711   \n",
       " 369 -0.195925 -0.203352 -0.185714  ...  0.440525  0.541270  0.642239   \n",
       " \n",
       "           363       364       365       366       367       368       369  \n",
       " 0   -0.385949 -0.339399 -0.313666 -0.359150 -0.382056 -0.304892 -0.251549  \n",
       " 1   -0.259778 -0.206414 -0.191230 -0.245252 -0.269354 -0.195039 -0.151047  \n",
       " 2   -0.333761 -0.257689 -0.259678 -0.332475 -0.346454 -0.257570 -0.233970  \n",
       " 3   -0.186283 -0.131959 -0.143509 -0.202563 -0.218956 -0.157409 -0.141565  \n",
       " 4   -0.158481 -0.104033 -0.125478 -0.195462 -0.220135 -0.158305 -0.150164  \n",
       " ..        ...       ...       ...       ...       ...       ...       ...  \n",
       " 365  0.916534  0.969383  1.000000  0.963972  0.933057  0.913755  0.894031  \n",
       " 366  0.920197  0.912170  0.963972  1.000000  0.970390  0.901046  0.910906  \n",
       " 367  0.856213  0.892443  0.933057  0.970390  1.000000  0.956933  0.932849  \n",
       " 368  0.736689  0.854200  0.913755  0.901046  0.956933  1.000000  0.964727  \n",
       " 369  0.703575  0.788799  0.894031  0.910906  0.932849  0.964727  1.000000  \n",
       " \n",
       " [370 rows x 370 columns],\n",
       "           0         1         2         3         4         5         6    \\\n",
       " 0    1.000000  0.564380  0.450406  0.336980  0.219680  0.259318  0.290171   \n",
       " 1    0.564380  1.000000  0.938313  0.860022  0.761453  0.769026  0.792829   \n",
       " 2    0.450406  0.938313  1.000000  0.961684  0.899729  0.864058  0.829647   \n",
       " 3    0.336980  0.860022  0.961684  1.000000  0.965633  0.885809  0.812443   \n",
       " 4    0.219680  0.761453  0.899729  0.965633  1.000000  0.947483  0.857044   \n",
       " ..        ...       ...       ...       ...       ...       ...       ...   \n",
       " 365 -0.174502 -0.314918 -0.195566 -0.160868 -0.092134 -0.084421 -0.126098   \n",
       " 366 -0.202399 -0.383056 -0.259184 -0.209174 -0.144492 -0.162801 -0.221649   \n",
       " 367 -0.212186 -0.421617 -0.303643 -0.263399 -0.205226 -0.227700 -0.286744   \n",
       " 368 -0.176548 -0.353272 -0.252384 -0.233269 -0.184326 -0.189081 -0.227831   \n",
       " 369 -0.161567 -0.326030 -0.228032 -0.199690 -0.159197 -0.175317 -0.215037   \n",
       " \n",
       "           7         8         9    ...       360       361       362  \\\n",
       " 0    0.356154  0.268793  0.230089  ... -0.148058 -0.128825 -0.174202   \n",
       " 1    0.816560  0.674345  0.557728  ... -0.236567 -0.193032 -0.288479   \n",
       " 2    0.789945  0.606854  0.442924  ... -0.101590 -0.071459 -0.158144   \n",
       " 3    0.692691  0.484765  0.286925  ... -0.049799 -0.033715 -0.104257   \n",
       " 4    0.689733  0.471987  0.239899  ...  0.046659  0.057289 -0.017883   \n",
       " ..        ...       ...       ...  ...       ...       ...       ...   \n",
       " 365 -0.163839 -0.175807 -0.193678  ...  0.801628  0.854453  0.903648   \n",
       " 366 -0.275758 -0.292098 -0.301124  ...  0.735925  0.756056  0.871820   \n",
       " 367 -0.314738 -0.313726 -0.290395  ...  0.625358  0.643867  0.754767   \n",
       " 368 -0.223479 -0.208626 -0.173979  ...  0.531550  0.595118  0.663826   \n",
       " 369 -0.227163 -0.224420 -0.202023  ...  0.498565  0.561860  0.663951   \n",
       " \n",
       "           363       364       365       366       367       368       369  \n",
       " 0   -0.211732 -0.182160 -0.174502 -0.202399 -0.212186 -0.176548 -0.161567  \n",
       " 1   -0.382277 -0.329562 -0.314918 -0.383056 -0.421617 -0.353272 -0.326030  \n",
       " 2   -0.240064 -0.201215 -0.195566 -0.259184 -0.303643 -0.252384 -0.228032  \n",
       " 3   -0.180008 -0.167227 -0.160868 -0.209174 -0.263399 -0.233269 -0.199690  \n",
       " 4   -0.095241 -0.089701 -0.092134 -0.144492 -0.205226 -0.184326 -0.159197  \n",
       " ..        ...       ...       ...       ...       ...       ...       ...  \n",
       " 365  0.921112  0.977792  1.000000  0.965856  0.926354  0.911435  0.900832  \n",
       " 366  0.930467  0.932050  0.965856  1.000000  0.969433  0.908532  0.926647  \n",
       " 367  0.860307  0.903307  0.926354  0.969433  1.000000  0.961595  0.952703  \n",
       " 368  0.751856  0.871118  0.911435  0.908532  0.961595  1.000000  0.975408  \n",
       " 369  0.743234  0.828579  0.900832  0.926647  0.952703  0.975408  1.000000  \n",
       " \n",
       " [370 rows x 370 columns],\n",
       "           0         1         2         3         4         5         6    \\\n",
       " 0    1.000000  0.511035  0.404190  0.287069  0.198498  0.232943  0.256793   \n",
       " 1    0.511035  1.000000  0.935968  0.862505  0.762265  0.760080  0.775632   \n",
       " 2    0.404190  0.935968  1.000000  0.961586  0.893376  0.855821  0.815437   \n",
       " 3    0.287069  0.862505  0.961586  1.000000  0.959630  0.879699  0.804584   \n",
       " 4    0.198498  0.762265  0.893376  0.959630  1.000000  0.949882  0.858372   \n",
       " ..        ...       ...       ...       ...       ...       ...       ...   \n",
       " 365 -0.177041 -0.310130 -0.183640 -0.145719 -0.074786 -0.067080 -0.113830   \n",
       " 366 -0.203162 -0.376712 -0.247622 -0.196557 -0.132882 -0.152414 -0.216634   \n",
       " 367 -0.212275 -0.425816 -0.299529 -0.255926 -0.198505 -0.221790 -0.285702   \n",
       " 368 -0.183805 -0.363883 -0.252139 -0.227587 -0.178575 -0.186534 -0.232626   \n",
       " 369 -0.173965 -0.321801 -0.217044 -0.186061 -0.148306 -0.170723 -0.221244   \n",
       " \n",
       "           7         8         9    ...       360       361       362  \\\n",
       " 0    0.315118  0.220603  0.198719  ... -0.133683 -0.125155 -0.164753   \n",
       " 1    0.801327  0.651087  0.541173  ... -0.221281 -0.192200 -0.276863   \n",
       " 2    0.782538  0.595886  0.440776  ... -0.085358 -0.066968 -0.146452   \n",
       " 3    0.692336  0.484091  0.289315  ... -0.035370 -0.028212 -0.091733   \n",
       " 4    0.694442  0.473893  0.243955  ...  0.061653  0.064329 -0.004771   \n",
       " ..        ...       ...       ...  ...       ...       ...       ...   \n",
       " 365 -0.164620 -0.184105 -0.210799  ...  0.811773  0.870060  0.894062   \n",
       " 366 -0.279962 -0.302998 -0.316499  ...  0.718522  0.750785  0.839288   \n",
       " 367 -0.325812 -0.330051 -0.310906  ...  0.611571  0.640733  0.720811   \n",
       " 368 -0.241573 -0.232582 -0.200456  ...  0.508890  0.577179  0.613209   \n",
       " 369 -0.241287 -0.246454 -0.222741  ...  0.431563  0.500678  0.563726   \n",
       " \n",
       "           363       364       365       366       367       368       369  \n",
       " 0   -0.200511 -0.180699 -0.177041 -0.203162 -0.212275 -0.183805 -0.173965  \n",
       " 1   -0.373478 -0.335347 -0.310130 -0.376712 -0.425816 -0.363883 -0.321801  \n",
       " 2   -0.229137 -0.199685 -0.183640 -0.247622 -0.299529 -0.252139 -0.217044  \n",
       " 3   -0.168814 -0.162765 -0.145719 -0.196557 -0.255926 -0.227587 -0.186061  \n",
       " 4   -0.085160 -0.084082 -0.074786 -0.132882 -0.198505 -0.178575 -0.148306  \n",
       " ..        ...       ...       ...       ...       ...       ...       ...  \n",
       " 365  0.923195  0.979168  1.000000  0.958014  0.913461  0.890053  0.847934  \n",
       " 366  0.920266  0.927107  0.958014  1.000000  0.968288  0.905366  0.904533  \n",
       " 367  0.850754  0.899011  0.913461  0.968288  1.000000  0.960563  0.937176  \n",
       " 368  0.733449  0.855353  0.890053  0.905366  0.960563  1.000000  0.970347  \n",
       " 369  0.687736  0.781142  0.847934  0.904533  0.937176  0.970347  1.000000  \n",
       " \n",
       " [370 rows x 370 columns],\n",
       "           0         1         2         3         4         5         6    \\\n",
       " 0    1.000000  0.564348  0.425451  0.293773  0.205096  0.240864  0.263338   \n",
       " 1    0.564348  1.000000  0.931509  0.839562  0.749646  0.751601  0.765193   \n",
       " 2    0.425451  0.931509  1.000000  0.955927  0.887238  0.846177  0.801599   \n",
       " 3    0.293773  0.839562  0.955927  1.000000  0.956626  0.863975  0.783504   \n",
       " 4    0.205096  0.749646  0.887238  0.956626  1.000000  0.946371  0.855297   \n",
       " ..        ...       ...       ...       ...       ...       ...       ...   \n",
       " 365 -0.187816 -0.309094 -0.185054 -0.144783 -0.078074 -0.069487 -0.116749   \n",
       " 366 -0.210826 -0.373224 -0.244887 -0.191510 -0.136463 -0.156358 -0.219590   \n",
       " 367 -0.217779 -0.419352 -0.294967 -0.249076 -0.201645 -0.223647 -0.285865   \n",
       " 368 -0.186654 -0.351641 -0.241820 -0.215439 -0.177416 -0.183439 -0.227048   \n",
       " 369 -0.178307 -0.318310 -0.210790 -0.175964 -0.150803 -0.174104 -0.222190   \n",
       " \n",
       "           7         8         9    ...       360       361       362  \\\n",
       " 0    0.327427  0.228194  0.205754  ... -0.139936 -0.133114 -0.175943   \n",
       " 1    0.802540  0.650834  0.545261  ... -0.218663 -0.191818 -0.277819   \n",
       " 2    0.773715  0.585491  0.432775  ... -0.085689 -0.069519 -0.148455   \n",
       " 3    0.674530  0.468182  0.278059  ... -0.035501 -0.029919 -0.091819   \n",
       " 4    0.691986  0.472387  0.240892  ...  0.062078  0.062462 -0.005202   \n",
       " ..        ...       ...       ...  ...       ...       ...       ...   \n",
       " 365 -0.172463 -0.194083 -0.219458  ...  0.816315  0.874836  0.898941   \n",
       " 366 -0.284672 -0.308237 -0.319239  ...  0.712943  0.748374  0.837343   \n",
       " 367 -0.327590 -0.332788 -0.312198  ...  0.614900  0.648007  0.725432   \n",
       " 368 -0.237678 -0.230693 -0.198786  ...  0.526203  0.598711  0.628667   \n",
       " 369 -0.243885 -0.249599 -0.225304  ...  0.450685  0.523774  0.584783   \n",
       " \n",
       "           363       364       365       366       367       368       369  \n",
       " 0   -0.211987 -0.189430 -0.187816 -0.210826 -0.217779 -0.186654 -0.178307  \n",
       " 1   -0.375165 -0.330166 -0.309094 -0.373224 -0.419352 -0.351641 -0.318310  \n",
       " 2   -0.231951 -0.199249 -0.185054 -0.244887 -0.294967 -0.241820 -0.210790  \n",
       " 3   -0.169574 -0.161125 -0.144783 -0.191510 -0.249076 -0.215439 -0.175964  \n",
       " 4   -0.089487 -0.086697 -0.078074 -0.136463 -0.201645 -0.177416 -0.150803  \n",
       " ..        ...       ...       ...       ...       ...       ...       ...  \n",
       " 365  0.929126  0.979069  1.000000  0.957104  0.914278  0.895614  0.857139  \n",
       " 366  0.919064  0.921820  0.957104  1.000000  0.970126  0.910517  0.915149  \n",
       " 367  0.854581  0.897404  0.914278  0.970126  1.000000  0.960564  0.942740  \n",
       " 368  0.746839  0.862530  0.895614  0.910517  0.960564  1.000000  0.972138  \n",
       " 369  0.706061  0.791013  0.857139  0.915149  0.942740  0.972138  1.000000  \n",
       " \n",
       " [370 rows x 370 columns],\n",
       "           0         1         2         3         4         5         6    \\\n",
       " 0    1.000000  0.637235  0.502470  0.404219  0.301221  0.305247  0.312951   \n",
       " 1    0.637235  1.000000  0.949377  0.878915  0.799145  0.751351  0.745825   \n",
       " 2    0.502470  0.949377  1.000000  0.959635  0.929224  0.872603  0.828225   \n",
       " 3    0.404219  0.878915  0.959635  1.000000  0.954398  0.841334  0.755031   \n",
       " 4    0.301221  0.799145  0.929224  0.954398  1.000000  0.950828  0.868063   \n",
       " ..        ...       ...       ...       ...       ...       ...       ...   \n",
       " 365 -0.141952 -0.297736 -0.207561 -0.159209 -0.115193 -0.109811 -0.166538   \n",
       " 366 -0.175828 -0.357715 -0.278830 -0.222515 -0.197742 -0.212343 -0.274847   \n",
       " 367 -0.198774 -0.382276 -0.306677 -0.260090 -0.235930 -0.246727 -0.306099   \n",
       " 368 -0.140281 -0.291224 -0.221829 -0.193161 -0.163220 -0.153594 -0.194686   \n",
       " 369 -0.103733 -0.256324 -0.198227 -0.166137 -0.150571 -0.150687 -0.188502   \n",
       " \n",
       "           7         8         9    ...       360       361       362  \\\n",
       " 0    0.401704  0.287601  0.243174  ... -0.145080 -0.115055 -0.164768   \n",
       " 1    0.759471  0.592371  0.470118  ... -0.262682 -0.224147 -0.313045   \n",
       " 2    0.790096  0.599465  0.428926  ... -0.151827 -0.117936 -0.212857   \n",
       " 3    0.648304  0.436330  0.246247  ... -0.083639 -0.061738 -0.144212   \n",
       " 4    0.729300  0.516974  0.286101  ... -0.018495  0.005753 -0.095893   \n",
       " ..        ...       ...       ...  ...       ...       ...       ...   \n",
       " 365 -0.212802 -0.221556 -0.249940  ...  0.772576  0.840557  0.899463   \n",
       " 366 -0.313440 -0.313812 -0.311504  ...  0.683919  0.727106  0.854542   \n",
       " 367 -0.317195 -0.301403 -0.269234  ...  0.602595  0.644517  0.767016   \n",
       " 368 -0.192159 -0.175669 -0.151893  ...  0.491116  0.577084  0.656954   \n",
       " 369 -0.192791 -0.184185 -0.166149  ...  0.439823  0.530582  0.639335   \n",
       " \n",
       "           363       364       365       366       367       368       369  \n",
       " 0   -0.206081 -0.154293 -0.141952 -0.175828 -0.198774 -0.140281 -0.103733  \n",
       " 1   -0.379437 -0.301002 -0.297736 -0.357715 -0.382276 -0.291224 -0.256324  \n",
       " 2   -0.277209 -0.199356 -0.207561 -0.278830 -0.306677 -0.221829 -0.198227  \n",
       " 3   -0.207189 -0.152321 -0.159209 -0.222515 -0.260090 -0.193161 -0.166137  \n",
       " 4   -0.163810 -0.096120 -0.115193 -0.197742 -0.235930 -0.163220 -0.150571  \n",
       " ..        ...       ...       ...       ...       ...       ...       ...  \n",
       " 365  0.923177  0.970678  1.000000  0.963646  0.933429  0.910861  0.893695  \n",
       " 366  0.910305  0.907438  0.963646  1.000000  0.975143  0.907150  0.921534  \n",
       " 367  0.862274  0.893494  0.933429  0.975143  1.000000  0.953154  0.935918  \n",
       " 368  0.742423  0.856741  0.910861  0.907150  0.953154  1.000000  0.969224  \n",
       " 369  0.710935  0.798042  0.893695  0.921534  0.935918  0.969224  1.000000  \n",
       " \n",
       " [370 rows x 370 columns],\n",
       "           0         1         2         3         4         5         6    \\\n",
       " 0    1.000000  0.952176  0.868753  0.757250  0.613480  0.556613  0.542920   \n",
       " 1    0.952176  1.000000  0.911093  0.798251  0.641026  0.611265  0.594385   \n",
       " 2    0.868753  0.911093  1.000000  0.932192  0.878017  0.852461  0.820245   \n",
       " 3    0.757250  0.798251  0.932192  1.000000  0.930905  0.839721  0.740319   \n",
       " 4    0.613480  0.641026  0.878017  0.930905  1.000000  0.954835  0.872458   \n",
       " ..        ...       ...       ...       ...       ...       ...       ...   \n",
       " 365 -0.305147 -0.251356 -0.256476 -0.152277 -0.132577 -0.126566 -0.166568   \n",
       " 366 -0.350040 -0.307561 -0.330936 -0.212029 -0.209675 -0.222087 -0.274148   \n",
       " 367 -0.375145 -0.324396 -0.346314 -0.232273 -0.233014 -0.239990 -0.292761   \n",
       " 368 -0.303339 -0.241781 -0.254964 -0.167707 -0.165528 -0.151638 -0.186913   \n",
       " 369 -0.261622 -0.214239 -0.238403 -0.152158 -0.162400 -0.157201 -0.190108   \n",
       " \n",
       "           7         8         9    ...       360       361       362  \\\n",
       " 0    0.564074  0.405834  0.301295  ... -0.268224 -0.243585 -0.306112   \n",
       " 1    0.658704  0.508547  0.410980  ... -0.229732 -0.196475 -0.268087   \n",
       " 2    0.818283  0.630284  0.472353  ... -0.207924 -0.172751 -0.266746   \n",
       " 3    0.665740  0.436906  0.252983  ... -0.091074 -0.073319 -0.147035   \n",
       " 4    0.733636  0.493246  0.261295  ... -0.039459 -0.020657 -0.114147   \n",
       " ..        ...       ...       ...  ...       ...       ...       ...   \n",
       " 365 -0.220862 -0.239932 -0.262043  ...  0.773636  0.856385  0.901396   \n",
       " 366 -0.323880 -0.334212 -0.325655  ...  0.693715  0.749073  0.858353   \n",
       " 367 -0.318702 -0.311197 -0.276022  ...  0.584642  0.647379  0.747866   \n",
       " 368 -0.196413 -0.187494 -0.165398  ...  0.493720  0.605063  0.661567   \n",
       " 369 -0.207156 -0.208697 -0.191933  ...  0.460165  0.571153  0.658588   \n",
       " \n",
       "           363       364       365       366       367       368       369  \n",
       " 0   -0.371491 -0.317540 -0.305147 -0.350040 -0.375145 -0.303339 -0.261622  \n",
       " 1   -0.327730 -0.255077 -0.251356 -0.307561 -0.324396 -0.241781 -0.214239  \n",
       " 2   -0.335103 -0.247119 -0.256476 -0.330936 -0.346314 -0.254964 -0.238403  \n",
       " 3   -0.200465 -0.139270 -0.152277 -0.212029 -0.232273 -0.167707 -0.152158  \n",
       " 4   -0.177393 -0.107120 -0.132577 -0.209675 -0.233014 -0.165528 -0.162400  \n",
       " ..        ...       ...       ...       ...       ...       ...       ...  \n",
       " 365  0.922273  0.969352  1.000000  0.961638  0.923838  0.912433  0.902293  \n",
       " 366  0.917280  0.907280  0.961638  1.000000  0.968335  0.901899  0.924407  \n",
       " 367  0.850381  0.882492  0.923838  0.968335  1.000000  0.955209  0.937744  \n",
       " 368  0.743911  0.856607  0.912433  0.901899  0.955209  1.000000  0.965549  \n",
       " 369  0.727454  0.803620  0.902293  0.924407  0.937744  0.965549  1.000000  \n",
       " \n",
       " [370 rows x 370 columns],\n",
       "           0         1         2         3         4         5         6    \\\n",
       " 0    1.000000  0.602468  0.472547  0.355975  0.232918  0.287475  0.326143   \n",
       " 1    0.602468  1.000000  0.948607  0.890679  0.776815  0.771516  0.774997   \n",
       " 2    0.472547  0.948607  1.000000  0.958612  0.895946  0.876015  0.841597   \n",
       " 3    0.355975  0.890679  0.958612  1.000000  0.964557  0.891387  0.815419   \n",
       " 4    0.232918  0.776815  0.895946  0.964557  1.000000  0.946985  0.854348   \n",
       " ..        ...       ...       ...       ...       ...       ...       ...   \n",
       " 365 -0.191701 -0.293486 -0.188889 -0.155455 -0.089473 -0.091624 -0.135132   \n",
       " 366 -0.227297 -0.359623 -0.259423 -0.206730 -0.143290 -0.173818 -0.234818   \n",
       " 367 -0.237823 -0.407260 -0.313753 -0.270867 -0.215436 -0.251152 -0.311571   \n",
       " 368 -0.195644 -0.343039 -0.254716 -0.234577 -0.191039 -0.211122 -0.252840   \n",
       " 369 -0.182834 -0.296660 -0.214674 -0.180353 -0.149272 -0.188642 -0.235207   \n",
       " \n",
       "           7         8         9    ...       360       361       362  \\\n",
       " 0    0.401781  0.311331  0.265701  ... -0.162398 -0.143483 -0.188719   \n",
       " 1    0.780845  0.629102  0.499383  ... -0.220662 -0.185949 -0.260780   \n",
       " 2    0.802599  0.625280  0.455715  ... -0.102317 -0.072467 -0.150376   \n",
       " 3    0.697399  0.494475  0.291400  ... -0.057304 -0.041239 -0.100526   \n",
       " 4    0.685891  0.474608  0.237061  ...  0.038621  0.047547 -0.013509   \n",
       " ..        ...       ...       ...  ...       ...       ...       ...   \n",
       " 365 -0.172139 -0.182106 -0.195591  ...  0.816908  0.872862  0.902323   \n",
       " 366 -0.288968 -0.302376 -0.306800  ...  0.746506  0.770421  0.861677   \n",
       " 367 -0.338935 -0.334390 -0.300582  ...  0.625295  0.649325  0.734198   \n",
       " 368 -0.246893 -0.229454 -0.182937  ...  0.530351  0.599906  0.637487   \n",
       " 369 -0.245205 -0.241524 -0.210427  ...  0.478351  0.548335  0.615223   \n",
       " \n",
       "           363       364       365       366       367       368       369  \n",
       " 0   -0.232908 -0.203576 -0.191701 -0.227297 -0.237823 -0.195644 -0.182834  \n",
       " 1   -0.357496 -0.326748 -0.293486 -0.359623 -0.407260 -0.343039 -0.296660  \n",
       " 2   -0.243450 -0.214559 -0.188889 -0.259423 -0.313753 -0.254716 -0.214674  \n",
       " 3   -0.184270 -0.183096 -0.155455 -0.206730 -0.270867 -0.234577 -0.180353  \n",
       " 4   -0.098665 -0.106728 -0.089473 -0.143290 -0.215436 -0.191039 -0.149272  \n",
       " ..        ...       ...       ...       ...       ...       ...       ...  \n",
       " 365  0.923191  0.978000  1.000000  0.962126  0.912318  0.897063  0.874399  \n",
       " 366  0.934128  0.937215  0.962126  1.000000  0.967307  0.899860  0.906119  \n",
       " 367  0.857293  0.901187  0.912318  0.967307  1.000000  0.955466  0.938442  \n",
       " 368  0.741839  0.863768  0.897063  0.899860  0.955466  1.000000  0.970239  \n",
       " 369  0.715957  0.805769  0.874399  0.906119  0.938442  0.970239  1.000000  \n",
       " \n",
       " [370 rows x 370 columns],\n",
       "           0         1         2         3         4         5         6    \\\n",
       " 0    1.000000  0.467878  0.394190  0.313678  0.206596  0.243114  0.264068   \n",
       " 1    0.467878  1.000000  0.950923  0.894304  0.760317  0.756546  0.757216   \n",
       " 2    0.394190  0.950923  1.000000  0.965022  0.897417  0.875256  0.838997   \n",
       " 3    0.313678  0.894304  0.965022  1.000000  0.958710  0.897135  0.825376   \n",
       " 4    0.206596  0.760317  0.897417  0.958710  1.000000  0.946229  0.850059   \n",
       " ..        ...       ...       ...       ...       ...       ...       ...   \n",
       " 365 -0.166083 -0.296673 -0.201341 -0.166760 -0.088157 -0.084325 -0.125389   \n",
       " 366 -0.195305 -0.355756 -0.266047 -0.216449 -0.141073 -0.167295 -0.225148   \n",
       " 367 -0.206604 -0.408008 -0.321744 -0.281018 -0.208204 -0.242232 -0.298754   \n",
       " 368 -0.174893 -0.346482 -0.267571 -0.248611 -0.187641 -0.204069 -0.240898   \n",
       " 369 -0.166576 -0.294618 -0.228485 -0.200386 -0.156035 -0.185849 -0.226725   \n",
       " \n",
       "           7         8         9    ...       360       361       362  \\\n",
       " 0    0.323420  0.229552  0.202271  ... -0.127760 -0.113047 -0.152402   \n",
       " 1    0.770543  0.629657  0.499848  ... -0.223168 -0.187400 -0.260734   \n",
       " 2    0.803500  0.628124  0.455673  ... -0.105828 -0.077599 -0.154668   \n",
       " 3    0.709962  0.509440  0.295717  ... -0.054526 -0.040429 -0.102710   \n",
       " 4    0.687009  0.472132  0.234382  ...  0.048206  0.055847 -0.006946   \n",
       " ..        ...       ...       ...  ...       ...       ...       ...   \n",
       " 365 -0.168732 -0.188333 -0.200842  ...  0.814513  0.869448  0.904348   \n",
       " 366 -0.283061 -0.306112 -0.309285  ...  0.733194  0.756969  0.853246   \n",
       " 367 -0.331979 -0.336035 -0.304244  ...  0.626772  0.648130  0.737783   \n",
       " 368 -0.240541 -0.229935 -0.186196  ...  0.533343  0.599993  0.644408   \n",
       " 369 -0.239566 -0.242488 -0.213159  ...  0.474928  0.540651  0.612570   \n",
       " \n",
       "           363       364       365       366       367       368       369  \n",
       " 0   -0.191253 -0.170042 -0.166083 -0.195305 -0.206604 -0.174893 -0.166576  \n",
       " 1   -0.353479 -0.325391 -0.296673 -0.355756 -0.408008 -0.346482 -0.294618  \n",
       " 2   -0.244016 -0.218423 -0.201341 -0.266047 -0.321744 -0.267571 -0.228485  \n",
       " 3   -0.184565 -0.185123 -0.166760 -0.216449 -0.281018 -0.248611 -0.200386  \n",
       " 4   -0.088138 -0.095067 -0.088157 -0.141073 -0.208204 -0.187641 -0.156035  \n",
       " ..        ...       ...       ...       ...       ...       ...       ...  \n",
       " 365  0.930016  0.978268  1.000000  0.961395  0.915496  0.900041  0.872134  \n",
       " 366  0.932894  0.927807  0.961395  1.000000  0.970102  0.907770  0.913278  \n",
       " 367  0.865439  0.898396  0.915496  0.970102  1.000000  0.957707  0.940655  \n",
       " 368  0.755420  0.866898  0.900041  0.907770  0.957707  1.000000  0.971216  \n",
       " 369  0.725990  0.803903  0.872134  0.913278  0.940655  0.971216  1.000000  \n",
       " \n",
       " [370 rows x 370 columns],\n",
       "           0         1         2         3         4         5         6    \\\n",
       " 0    1.000000  0.485092  0.435395  0.362734  0.252011  0.270512  0.291088   \n",
       " 1    0.485092  1.000000  0.954719  0.897184  0.789300  0.796560  0.816896   \n",
       " 2    0.435395  0.954719  1.000000  0.962196  0.904264  0.896722  0.870952   \n",
       " 3    0.362734  0.897184  0.962196  1.000000  0.963103  0.907133  0.844452   \n",
       " 4    0.252011  0.789300  0.904264  0.963103  1.000000  0.956748  0.871371   \n",
       " ..        ...       ...       ...       ...       ...       ...       ...   \n",
       " 365 -0.162622 -0.308011 -0.199112 -0.176220 -0.095233 -0.084963 -0.132817   \n",
       " 366 -0.193624 -0.376411 -0.270075 -0.229404 -0.153822 -0.171467 -0.236083   \n",
       " 367 -0.206004 -0.426940 -0.326174 -0.294288 -0.224169 -0.244932 -0.307872   \n",
       " 368 -0.175387 -0.359975 -0.270535 -0.260835 -0.201068 -0.206120 -0.251805   \n",
       " 369 -0.161675 -0.292732 -0.213737 -0.194498 -0.148741 -0.165807 -0.213365   \n",
       " \n",
       "           7         8         9    ...       360       361       362  \\\n",
       " 0    0.337228  0.253571  0.206779  ... -0.114557 -0.101448 -0.142826   \n",
       " 1    0.834323  0.694759  0.569764  ... -0.216464 -0.179269 -0.266778   \n",
       " 2    0.832517  0.656921  0.483385  ... -0.089727 -0.063462 -0.148910   \n",
       " 3    0.730015  0.524938  0.316721  ... -0.054829 -0.042247 -0.109035   \n",
       " 4    0.706401  0.491648  0.249154  ...  0.050102  0.055895 -0.012017   \n",
       " ..        ...       ...       ...  ...       ...       ...       ...   \n",
       " 365 -0.173803 -0.183837 -0.204062  ...  0.814700  0.865675  0.898884   \n",
       " 366 -0.290860 -0.304778 -0.313388  ...  0.721894  0.741122  0.840997   \n",
       " 367 -0.336732 -0.330165 -0.303704  ...  0.605662  0.625593  0.715605   \n",
       " 368 -0.248365 -0.229656 -0.191437  ...  0.510867  0.574525  0.617050   \n",
       " 369 -0.223857 -0.224232 -0.204510  ...  0.470248  0.537335  0.601418   \n",
       " \n",
       "           363       364       365       366       367       368       369  \n",
       " 0   -0.184356 -0.165923 -0.162622 -0.193624 -0.206004 -0.175387 -0.161675  \n",
       " 1   -0.369076 -0.333858 -0.308011 -0.376411 -0.426940 -0.359975 -0.292732  \n",
       " 2   -0.242284 -0.215210 -0.199112 -0.270075 -0.326174 -0.270535 -0.213737  \n",
       " 3   -0.194973 -0.195217 -0.176220 -0.229404 -0.294288 -0.260835 -0.194498  \n",
       " 4   -0.097406 -0.105127 -0.095233 -0.153822 -0.224169 -0.201068 -0.148741  \n",
       " ..        ...       ...       ...       ...       ...       ...       ...  \n",
       " 365  0.927812  0.978964  1.000000  0.958146  0.910290  0.890008  0.870005  \n",
       " 366  0.924352  0.924576  0.958146  1.000000  0.967873  0.902331  0.907084  \n",
       " 367  0.847679  0.891880  0.910290  0.967873  1.000000  0.958079  0.928125  \n",
       " 368  0.734787  0.854974  0.890008  0.902331  0.958079  1.000000  0.965269  \n",
       " 369  0.707676  0.797316  0.870005  0.907084  0.928125  0.965269  1.000000  \n",
       " \n",
       " [370 rows x 370 columns],\n",
       "           0         1         2         3         4         5         6    \\\n",
       " 0    1.000000  0.541113  0.448128  0.361020  0.234012  0.264298  0.276630   \n",
       " 1    0.541113  1.000000  0.939599  0.874803  0.769224  0.803448  0.811499   \n",
       " 2    0.448128  0.939599  1.000000  0.966273  0.897830  0.895127  0.842440   \n",
       " 3    0.361020  0.874803  0.966273  1.000000  0.963204  0.906659  0.824131   \n",
       " 4    0.234012  0.769224  0.897830  0.963204  1.000000  0.948517  0.854974   \n",
       " ..        ...       ...       ...       ...       ...       ...       ...   \n",
       " 365 -0.139397 -0.334382 -0.217962 -0.192709 -0.131047 -0.146387 -0.194479   \n",
       " 366 -0.163867 -0.399540 -0.289203 -0.263257 -0.211816 -0.246622 -0.303266   \n",
       " 367 -0.172225 -0.403959 -0.303747 -0.290166 -0.241967 -0.268365 -0.319063   \n",
       " 368 -0.127147 -0.307847 -0.218490 -0.216239 -0.172327 -0.176508 -0.210573   \n",
       " 369 -0.108988 -0.307235 -0.222319 -0.214989 -0.182340 -0.198689 -0.233455   \n",
       " \n",
       "           7         8         9    ...       360       361       362  \\\n",
       " 0    0.337483  0.240224  0.198258  ... -0.148683 -0.130558 -0.166451   \n",
       " 1    0.831820  0.690522  0.573483  ... -0.313020 -0.274558 -0.364717   \n",
       " 2    0.801949  0.619715  0.454952  ... -0.174922 -0.144805 -0.234513   \n",
       " 3    0.711343  0.508404  0.309911  ... -0.119696 -0.098930 -0.186912   \n",
       " 4    0.693166  0.486579  0.254313  ... -0.034056 -0.016134 -0.113709   \n",
       " ..        ...       ...       ...  ...       ...       ...       ...   \n",
       " 365 -0.229652 -0.239046 -0.246611  ...  0.782172  0.849302  0.894573   \n",
       " 366 -0.329460 -0.328813 -0.305741  ...  0.696750  0.743566  0.855827   \n",
       " 367 -0.319133 -0.302898 -0.253931  ...  0.595763  0.646384  0.752212   \n",
       " 368 -0.199024 -0.185309 -0.147531  ...  0.502016  0.590240  0.653839   \n",
       " 369 -0.228117 -0.216097 -0.175114  ...  0.432204  0.517994  0.618405   \n",
       " \n",
       "           363       364       365       366       367       368       369  \n",
       " 0   -0.185477 -0.149868 -0.139397 -0.163867 -0.172225 -0.127147 -0.108988  \n",
       " 1   -0.417927 -0.335205 -0.334382 -0.399540 -0.403959 -0.307847 -0.307235  \n",
       " 2   -0.285517 -0.210014 -0.217962 -0.289203 -0.303747 -0.218490 -0.222319  \n",
       " 3   -0.242640 -0.183638 -0.192709 -0.263257 -0.290166 -0.216239 -0.214989  \n",
       " 4   -0.172735 -0.111895 -0.131047 -0.211816 -0.241967 -0.172327 -0.182340  \n",
       " ..        ...       ...       ...       ...       ...       ...       ...  \n",
       " 365  0.924937  0.973420  1.000000  0.964089  0.932727  0.913503  0.881022  \n",
       " 366  0.922062  0.912163  0.964089  1.000000  0.972419  0.906822  0.919763  \n",
       " 367  0.857968  0.889120  0.932727  0.972419  1.000000  0.956817  0.944221  \n",
       " 368  0.744840  0.856473  0.913503  0.906822  0.956817  1.000000  0.965336  \n",
       " 369  0.714416  0.783085  0.881022  0.919763  0.944221  0.965336  1.000000  \n",
       " \n",
       " [370 rows x 370 columns],\n",
       "           0         1         2         3         4         5         6    \\\n",
       " 0    1.000000  0.672707  0.493605  0.443229  0.309207  0.303937  0.321525   \n",
       " 1    0.672707  1.000000  0.939676  0.882215  0.737637  0.702799  0.696601   \n",
       " 2    0.493605  0.939676  1.000000  0.955411  0.890145  0.877279  0.862188   \n",
       " 3    0.443229  0.882215  0.955411  1.000000  0.956634  0.886238  0.818657   \n",
       " 4    0.309207  0.737637  0.890145  0.956634  1.000000  0.954274  0.869567   \n",
       " ..        ...       ...       ...       ...       ...       ...       ...   \n",
       " 365 -0.144888 -0.278468 -0.248259 -0.176692 -0.106513 -0.098539 -0.140979   \n",
       " 366 -0.183676 -0.334112 -0.318135 -0.226418 -0.161291 -0.179430 -0.237257   \n",
       " 367 -0.192038 -0.373962 -0.369447 -0.286897 -0.228553 -0.246012 -0.301384   \n",
       " 368 -0.152155 -0.308462 -0.303954 -0.245516 -0.198550 -0.201289 -0.241058   \n",
       " 369 -0.146897 -0.255311 -0.254389 -0.185499 -0.150825 -0.170515 -0.214684   \n",
       " \n",
       "           7         8         9    ...       360       361       362  \\\n",
       " 0    0.392999  0.315255  0.260206  ... -0.099745 -0.082984 -0.133595   \n",
       " 1    0.728743  0.587093  0.494646  ... -0.204912 -0.171665 -0.249993   \n",
       " 2    0.838200  0.673189  0.520662  ... -0.142418 -0.110812 -0.200533   \n",
       " 3    0.713410  0.509291  0.321536  ... -0.068893 -0.054135 -0.120167   \n",
       " 4    0.704818  0.486331  0.255762  ...  0.030138  0.036546 -0.030367   \n",
       " ..        ...       ...       ...  ...       ...       ...       ...   \n",
       " 365 -0.186128 -0.194706 -0.211728  ...  0.812198  0.863720  0.904055   \n",
       " 366 -0.295453 -0.306648 -0.312376  ...  0.716109  0.738418  0.844817   \n",
       " 367 -0.332592 -0.323329 -0.294747  ...  0.606598  0.630516  0.725483   \n",
       " 368 -0.241787 -0.222528 -0.185891  ...  0.518460  0.586612  0.634638   \n",
       " 369 -0.229684 -0.227640 -0.207746  ...  0.472973  0.543111  0.620143   \n",
       " \n",
       "           363       364       365       366       367       368       369  \n",
       " 0   -0.175198 -0.142435 -0.144888 -0.183676 -0.192038 -0.152155 -0.146897  \n",
       " 1   -0.337804 -0.298711 -0.278468 -0.334112 -0.373962 -0.308462 -0.255311  \n",
       " 2   -0.301827 -0.264691 -0.248259 -0.318135 -0.369447 -0.303954 -0.254389  \n",
       " 3   -0.205863 -0.195777 -0.176692 -0.226418 -0.286897 -0.245516 -0.185499  \n",
       " 4   -0.117547 -0.117228 -0.106513 -0.161291 -0.228553 -0.198550 -0.150825  \n",
       " ..        ...       ...       ...       ...       ...       ...       ...  \n",
       " 365  0.930464  0.977820  1.000000  0.959540  0.916366  0.897060  0.875620  \n",
       " 366  0.922974  0.922274  0.959540  1.000000  0.968135  0.903501  0.914604  \n",
       " 367  0.851027  0.896348  0.916366  0.968135  1.000000  0.958468  0.932768  \n",
       " 368  0.742147  0.861334  0.897060  0.903501  0.958468  1.000000  0.963507  \n",
       " 369  0.716555  0.800815  0.875620  0.914604  0.932768  0.963507  1.000000  \n",
       " \n",
       " [370 rows x 370 columns],\n",
       "           0         1         2         3         4         5         6    \\\n",
       " 0    1.000000  0.816457  0.683326  0.546526  0.420364  0.419028  0.382987   \n",
       " 1    0.816457  1.000000  0.964868  0.874583  0.779535  0.781011  0.728055   \n",
